26586
29620
3849
3171
17100
10432
87368
51020
618
196
4308
324
16512
3107
320744
11147
73037
6089
17171
262144
216
152
5881
14629
381
6629
12055
729
45576
2713187
991
6156
2119
2106
351
161
51
50
422
184
8887
1439
8858
9736
4248
1902
1554
991
2150
1087
49
2437
161
3217
1074
800
30571
8916
9108
9098
8909
48676
1187
4116
49
1431
49
56
22569
14098
21023
1957
8881
33526
8891
270
1361
53945
9316
30208
4054
68962
636
11916
10658
235336
793
5655
118096
213831
302
548
748
211
295
999
13436
2628
833
1133