1520
134484
8414
12305
1092
121
133
1747
1830
224
1977640
8724
160
167
1092
1481
1941
37022
3496
193
9755
949
6304
59504
1689
12916
1011
274033
3565
9534
106706
2841
5635
158
448
53981
6145
2172
838
4585
6109
37489
53595
2372
2030
8994
1470
579
155
228
13863
73
236
19890
134
1876
66388
11566862
108745
480
6316
26786
387
7553
490
39075
957
533
222
480
370
1635
3115
3765
297
234
112135
346
463395
138
158
101124
7547
707
213
211
2039
1001
3077
377
18627
747
345107
172
3972
1184
22891
17853
152
1766