9512
226168
1103
3229
1119
169
1031
1502
72705
377
7303
112
2800
5521
21580
35708
7923
240128
23848
3813
6181
70656
338
9511
169
45960
1846
1545
976
1364
2138
825
170256
938013
200
4248
8
10436
453
169472
300768
34304
3104
275
469
7680
21256
136
9624
427
341
5306
894
680
234
128
3506
2330624
0
15863
7687
33221
20756
1294
274
1526
887
310484
16
4214
8587
1146
7296
33
16437
5523
791
296
856
8912
8882
2560
215424
1745
271
88238
5072
55045
626
1399
8513
13316
8076
5779
1951
18332
7056
4496
6126
243
