24238
2745
584
4258
777
3385
237
360
165
1003
4092
51
65260068
2000
14207
1154
2364
9399
9922
2080
894
2872
16958
50
4285618
299
8936
4020
2209
1833
789314
81858
684
4533
58504
2497
7519
2836
490
416
205919
49
5405
1962
7491
5139
2545
2420
137652
1250
4628
25747
179
481
19136
1021440
48
23321
5446
50
273
16479
385024
661544
4322
8929
911
57856
7690
20914
8885
72704
4061
4274
34816
1646
60
8884
8906
6604
212480
16868
18959
568
8887
13251
30102
334
50
3733
293
28147
4886
102
406
54
29184
3446
50
232