440
167
95731
56
14938
186
1194
16963
104812
406
488
1821
1188
4069
80
175104
217
6853
7820
19550
5120
2854
57
1604
5615
2988
1088
13950
473
1821
228
405
658
175104
7290
188
330234
19207
56
18273
321
14848
393
130208
4541
146
422
4320372
4202496
50
880
349696
400
120876
137
257
386
815
5655
1003
86110
314
11624
16335
16608
44126
95326
208
224
3010
656
1748
13811
17008
373
294
3916
3740
1816
27
551880
5686
28106
1087
34413408
566
580
2031
617
7517
50270
34045
2430
1516
920
605
5632
663
87552
4122
