1106
77312
5154
29696
68608
2469
510817
10008
194623
33181
6220
716
1226
3451
1062
277
382
330640
130048
1092
821
1152
210251
1093
795
265528
8927
3954
64072
9
406321
30208
691285
412
50
1866
901
14890
492
90686
24
195006
15360
543
51200
5480
475
268
1019
326
70873
2900
4096
18309
1628
603
2143
4453
9111
70556
50
1837
10051
114688
172
9127
577024
236
1236
1116
49664
8225
4903
2774
130560
7911
459
4418
1653
115
50
1148
531
2026
2331
35
2206
73728
766456
50
859
48
2024
8
541340
87097
1087
158
8914
50