652
672
838
94853
469504
3821
50
3089
92638
91136
978106
4121
7680
3072
2482
14297
2685
192
50
48794
2624
8882
2111
1773504
5120
4186
668
1542
2560
82
8089
517
870
4337
82239
217
65
9088
31193
902
2217
164
11264
2084
2969
7394351
1731
31951
50
29592
4
247
3500
106934
1302
3864
3294
12802
5690
971
8309
1150
236
4195
8889
3964
143
590
3586
320
77622
762
43940
1511576
18092
1351
4782
1306
3550
2511
1406
4027000
3072
8739
786
674228
1129
54
3072
1480
12169
352
178
8192
9478
1747
3687
6735
160768
27230
