3139
57658
67072
20482
557
75264
592
320000
1167
2698
73990
14134
24328
251
3818
10240
1804
75
815
2442
983
6394
2831
4211
5388
1674
1201
2619
55142
5024
77824
8
11437
11624
1180
6538
1772
3400
227840
1932714
1698
108
33840
4096
114
10507
3434
2506
15287
209
23266
862
478726
47
1799
253
143
429568
0
2417
272
442
295424
71
4747
2170619
684
23
48432
318
11264
30720
6478
1983
111186
4374
892
462
5654
607744
10115
564
442934
16784
184
140288
60416
1976
1818
120
14208
468
18
660
411
8
2923
6452
419
400158