4150
792
212
60612
44032
239352
672
7545
1407
64526
90
11247
11622
1015
361
8640
6303
1004
512
14416
193536
265
5542
152
2471
38972
5943
1406
11438
340
162
8743
50
177032
52
8228
60592
578
55
1634
50316
11579
2634
651360
14200
9047
1713
708
1628
47
3847
1096
2773
406116
2655
1580
112
73
1405
670672
152
422
4791
25148
1027
1641
41462
857
5120
247
6471
590
117
203326
9853
25340
3208
29384
17167
1849664
10936
18019
9087
13168
656
1168
5
1106
1692
715
4274
254
223232
2765
11124
699392
9
349680
2714
135168