50
6467
49
822
585
3510
8838
875
1415
2947
3732
516568
110480
2349
2386
42496
9554
1872
13396
3325
541
197908
297
2133728
4310
1178
796
8438
1464
2047
49352
11617
9
21403
5329
864
12684
22408
176
427154
260
19731
411
4049
5816
14416
118696
40
1587
2937
238075
286
9474
1493
1515
104
563
3984
504
111
155
196
41433
14394
62640
22528
139
105
12088
2668
186880
9502
5071888
279
17408
397
170
539
444
399
8652
425152
928
1351
599
6154
7365
748
19584
136000
49
87840
123777
1401
1213
1228
10371269
8912
1430
587