167
905
12461
1887799
416
46448
156
6339
6626
2814
5588
6738
634
13688
8378
76
6357
8585
4112512
3425
456
2388
4013
1820
27519
294
8770
953
121339
17333
116
956689
83048
22879
7613
15216
406
72571
436
133733
1453
8193
319105803
4639
6735
12643
1069
2506
173
4183
164
3182
2702
7136
448
953
81
1263
526
7526
244
3289
686
91
78727
20085
6014
790
30088
2647
6868
22301
1502
17508
1127
2263484
696
4285
1840
905
3006
1768
15600
1900
991
4357
859
19027
29435
673
524288
2132
164
76
45
3176
10192
262144
6133
595
