24194
5307
620
1130
9844
9
1287
165277
816
49
3448
591
426
3072
10407
405
265
5479
72096
1172
8787
1738
898
50
27648
1503
67
34025
1819
646538
15192
50
7680
75
3499
4506
384
38549
9910
2433
654
689024
3009
17800
2745
151248
532
1090
1977
9777
23040
10058
8887
437815
1714
1183
25467
7676
8885
255
1447
88352
6857
129941
275
269
1762
9470
38
11286
1240
14025984
181
1335
1152
911
3124528
115087
1672
1389
343200
12318
3150
1361
1139352
7919
181
5188
161272
1129
320
860
5657
700
50
26091
8919
17168
60373
595968