39489
2526
5783
51
1819
10436
667
12175
227
8913
5192
5947
2551
1496
59666
61440
47559
10044
199
73
1504
157
789
726
2804
29820
171
10604
554
50
11576
50
8373
796
49
134751
8114
3249
2183
50
914
2814
65220
19053
7169184
26000
3110
5890
7774
1737
1522
1376
55275
122920
436736
24686
2966
298
494
0
13944
2219
959
762
582640
27718
14614
45944
14604
1636
2540
10327
1957
18133
1114
2199
32
13372
8880
8704
8925
52
17263
757
520
121215
1269037
195637
2682
28032
7342
35992
12130
485
49510
3602
9957
38279
50
8886
