9717
2230
1052672
1451
806
11025
250
157
340
11264
135360
4225392
12210
50
33587
772
27512
771
52
787038
1178
14212
1494
108670
32768
2299
52
9532
166
3843
24368
248
7399
2574
2066
389
4843
611568
441
289714
1711
924
8889
1995
513
801
10860
47
8230
21414
487936
2436934
4976
703
888
519
3494
1696
3108
190
13893
13312
11987
43672
1129
266
23884
84928
49
18514
37573
176
1265
8901
953
40208
1281
73
25744
10432
3560
198265
1300
15748
98523
158
33
1055
487
1988
2289
12012
50
207888
306
624
5554
97752
57636
968
