512
6836
65304
3629544
14038
783
5833
10240
785
981
650
820
938
2819
237978
13
4608
13176
40
304
19988
576
25600
4170
189
512
391
512
5120
181
353
243
263155
2113664
713
768
356
1889
14547
3615
78351
16256
6501
180282
9006
7845
106400
482
156160
1964
298307
34851
6977
3341824
397
5621
7503
7523
1347
254
188
139680
12790
7939
82
149384
81865
65301
101888
987
6365
13804
2436
189
4680
1465856
35328
8082
189
302
1964
4475
1067905
512
119560
40
439
1282
1024
326
130
54287
33780
11080
1028
197997
40
9700
589
1562