6180
16661
3088768
9336
15110
432
836
7680
10863
33280
37
16024
46259
6088
35736
193
0
508
2059
1522
8116
258706
47976
54160
3891
51
420800
95566
5242880
61589
467
886080
1066
605
3233589
660
259
47254
8912
7063
238
5036
243
3364
7420
409
436
14208
198
4238
254
25
294400
10613
8916
724
2383814
22392
7721
1146
50
4616
8656
83880
19968
348
37229
7572
1112
50
0
13824
516605
49885
1351
794
469
2268
11164
1980
93872
508047
854
132
1696
50
16040
50
8864
498
399562
52
4299
789
11836
13312
12288
57891
32662
40448
