788
44020
414
8988
5189
50
78
271
28524
8743
42872
20416
8912
9216
1964
1964
2502
2438
5690
2914
72713
387312
17407
404
29357
64234
848
2853
54347
1764
1542
1905
2868
3201
8076
577
8858
10240
12710
8192
1393
2277
108797
36864
011952
38316
7522
23840
4103805
3412696
50
285
17800
207412
68
38800
166
136
9463
96132
189
2015
254
9692
8889
8868
49
30264
9684
37898
1530
82352
72704
15068
506
1127
314
3434
4511
223
14944
792
8875
300
47144
8670
732
23792
1354
2424
238079
220
5120
1566
52431084
20022
4844
353
199
8704