1706678
2609626
147927
209006
3478
470
9560
1344
11637
1241
12610
432
19100
1741
8053
3013
31811
979
2263
1195
9005
480
13874
2101
23035
724
5094
1157
8479
419
13472
749
10593
1214
60808
525
18865
867
40421
1212
17626
419
36378
988
15384
539
12142
2031
19546
1290
3558
661
3238
731
1922
1659
36192
1126
3628
3354
55725
946
7168
1209
12023
1380
25855
784
4898
444
12593
1075
9773
535
13350
1711
22556
702
1918
795
9157
449
32688
2161
19512
4385
65108
892
2160
988
13362
1808
18882
1600
20776
465
2616
654
8557
2530
