3084
23752
116
16527
5220
76
107
35200
991
228379
17100
7816
12054
4621
467174
4308
28680
349680
43832
11656
151552
195252
235
839
6944
3538
124169
416618
105008
460820
6781
148728
5591
52
393
1050
4718
8912
1158
1554
1646
61440
65
313
536
50
2706
11657
2591
9106
13893
1154
1377
8852
8846
1663
52
2131
29504
159
162
50
543
20133
2002
1739
115
1170
11178
1503
8887
1576
5000
12512
324
716104
1054944
1994
895072
34816
285472
656
1595
329728
19456
852
9741
369
279
363
382
301
340
265944
49664
2266
43110
832
32
15088