30
136455
134768
288
464574
16412
88
603417
14208
6938
17
39301
555
2066
746
8735
29394
1066
55168
1783
74658
8924
52
4290
3201
15373
5527
11615
610
11088
794
1348
1771
9100
26102
60
873
506522
1113720
3072
724
12868
8371
120317
8895
147439
14318
1702
1556
1951
1150
1358
9456
8901
87528
149
7199
50
4848
3964
793
1736
1517
1133
1890
243200
218311
33018
60
2737
3611
234418
683944
3045
137
1115
977
9722
49
81753
7006
10935
1073
49
341
270044
833
380
4267
121280
6451
177190
128512
10935
162
10240
15724
1525
1731
271
