343040
7206
11816
10328
10867
1341
1753
61440
8192
4873
37592
1867
1621072
32632
637
1322
1185
1883
13047
22016
121401
61440
132
623
25088
8192
191
236
829
223
4096
6675
33190
40980
1171
1090
87047
41341
208
2730
447648
51073
1037
4752
1706
232
7627
39279
9515
2073
541
1992
421
1780
962048
103516
1393
64
85976
50
6879
5448
50
5938
9267
4486
1130
1292
1867
126800
8927
4524
4789
50
50
30600
1532
1598
1830
8874
260
115648
157776
131072
65536
16640
2426
369
3584
790
8634
766952
713728
273
180
14855
1282
12398
15753
831
