966
127
29438
116707
1666
162
69329
2385
1113
20864
677744
10937
1813
1331
21200
3653
13781
2573
13672
698
14336
49896
33325
57967
10861
28032
2312
162
28713
50
4926
116
22626
16432
1399
50
1876
1126
1235
2928
12288
7513
13967
1866
14107
12886
4735
13819
10890
14010
156160
720
243
40444
58466
10610
10240
346
7988
0
79040
8878
21880
5683
56
12649
372
988
149840
4256
13687
15179
2700
204
343
50
911
1580
718
326
6289
13034
632056
114296
12875
18866
30457
24982
270336
602112
470
1079656
8954
148
545
110
12340
1192
710
445