285
24
67
4020
8192
311
38100
4750202
2302810
1974
53770354
7
18106
4096
285
237851
559
512
27
12041503
53774986
38100
238799
4202496
129
923309
25882
285
507
66
25282
9
105255
18902624
140566
262512
41
540567
2222
7
96
16
1974
270336
4750832
24
22046544
11764480
27
24
237851
3
579
9
253
718
15675873
4760
241
262512
2831
1125
8192
97
25600
40960
7
4420
160
253
1974
1010
54
59
3031
322
10754
53770354
26378
3793547
38882
11760384
628
565248
30530
9
119968
16
15613
241
1780
3200
144
318
262512
25600
8192
98
1052550
1220
