147
484
51450
98824
11481
89326
8492
2064
78008
54
34880
955
7717
22603
4142
243
2337
191864
26021272
20856
1421
8536
1960
55428
1170
247
15157
190776
6867
0
53
22688
88813
24840
4250
3139
16248
4627
209869
12285
4874
16272
4946
17879
310
3176357
45510
761
173992
241
1417
2515
7251
46378
401478
41720
16728
1477
1007
847
122472
106376
3416
1085
9662
1663
27060
3498
490
4020
23317
3336
9880
2165
568
671312
65
5663
72543
706
40542
52
1355
10353
1544
21452
108
20480
108
177528
361
2199
43
4076
169080
50
1477
1791
1491
13238