4266
4566
60707
76178
88808
24409
24929
4722
12433
4873
4829
8047
4350
4489
96039
8667
4576
156437
4359
4579
674
4876
4043
4505
12380
36940
20081
4952
4469
818
4280
925
4746
4381
152632
16811
4317
8049
4191
20188
4162
12993
525
4169
4897
12363
4721
912
12923
4660
4330
4660
4860
4021
64463
4242
4430
4936
170
4742
32116
4162
4188
4066
12802
8306
12896
4349
4373
4292
4540
4828
4827
4894
24859
4244
92044
4270
39144090
4342
4982
4773
4723
4842
4302
8198
4478
8131
4646
28586
8367
612
4015
8901
20926
4699
4205
4126
56120
8312
