10143
8915
1114
1077
117203
1234
2380
21896
17280
6659
368640
0
805
51999
154
241
7052
41931
2360
393197
161792
1896
18036
32656
23045
1740
145315
2058
35135
160
104924
244400
7340
46627
57344
49393
9744
1198
70431
3435
171008
16393
20456
989
20744
12157
4417
2503
9105
7168
4021
127488
1318
240624
11633
13632
715
10081
792
13142
34196
0
573
16759
9672
188
1048576
289
344064
34304
3584
3580
2560
19688
5607
21695
412
876
13312
695
1526
33
161
1081
52
1821
8921
8852
2910
18187
6144
412
80
787
176
428710
1766
298296
1811
1211
