4230
554
3149
590
11865
597
3904
835
5155
1444
9218
469
3444
575
4982
842
4328
624
4519
481
2194
425
4405
849
3540
432
2552
349
36757
515
975
81080
31292
10676
399631
149039
62465
3050
291
296392
377001
77823
382959
116
8973
2490
2239
13274
18747
6737
9551
204648
50531
1637
22148
8722
9726
3106
10752
16488
4396
5405
7465
10503
32052
8819
38054
2904
3400
11053
22825
10581
9347
28409
32839
33407
6083
48258
20526
26205
29852
23708
8985
1509
1296
13343
18572
7115
9317
198909
48934
1448
24667
9167
8939
3367
6386
15386
4194
3293
