7664
544
3512
32768
965
475
40
12316
28955
178568
41864
225664
510856
70544
3588
12216
446
912584
163144
9354
6734
2520936
27192
165230
3426
1019343
614
2091
12349
24662
1644
1555
231
37014
852
1530
7792
986
17
44
1027
886
1244
2099
1841
210
2584
976
1761
2426
1714
23009
9002
65400
3138761
42302
212992
3782
41731
50
11632
2337
2025
711
453
1724
6144
12800
16896
3650
5557
4849441
62631
81
893
87008
135
752
9914
1441
298
845
60686
23488
25290
14712
297
6791
13704
135272
3157
13163292
23176
8725
43157
109403
4406530
2298
3697
2484
