627466
141
159186
4127
23252
2503
1861
40243
36633
33185
315
24704
1580
78200
30747
20313
797512
158141
745
304
11844
1156
397
627466
141
159186
4127
23252
2503
1861
40243
36633
33185
315
24704
1580
78200
30747
20313
797512
158141
745
304
11844
1156
397
295024
3216
4968
122166
8135
5431
9711
57428
117
3382832
1135
4088
8444
1893
704861
2252
32000
1300
251
329
11696
7247
329
11696
7247
1096
683
8963
1574
33517
34149
174
1393
1961
193
73728
469
10803
3382832
1135
4088
8444
1893
704861
2252
32000
1300
251
8135
6559
5431
9711
57428
117