20480
50
3084
196
2204
16242
27460
2530
13674
2423606
251
3470
4652
4079
1158
2008
4719
105
155293
2790
4441
4221
1231
160
19136
6815
11737
208
588
21882
835
800
333
1108
1509
581162
51927
21868285
14845
1041
199775
5321
699206
46512
45368
5886
3159
6144
2176121
2586
4565
7469
12092120
5807
219343
243
115200
219101
6061
387637472
800
8835
2968
3118
1178
1724
424
191084
82587
90
6487
18059
12
28083
302216
8728
10791
705
931
1291
113
37194
81132
5796
7125
7652
26054
37227
8521
1121
1270
3358
41472
179224
256
802
40
43930
1779042
8932