6011
17050
16346
20874
281
4177
28704
11906
27946
10888
28408
7902
3289
32911
305
897
9429
40071
27221
9144
4375
5451
22620
10086
281
10705
12320
3500
11942
7096
11104
3254
2181
5748
33077
1752
9804
30806
3689
281
5748
281
281
5645
13238
7982
874518291
10036
13738
29696
11052724
7391
4375
34506
11002
1577
11916
10692
12236
662
294
1017
30164
3302
20718
7234
1743
11786
813
35
4094
15492
23089
15888
26948
9618
4002375
33860
13348
27834
281
8090
14672
281
281
8178
35206
8976
134
52016
36601
9340
95999
281
2243
9380
294
6035
7594
6157
