12894415
29483
51913
8368
6103
2626
3025599
1515
2801
933
5796
54000128
4143
6536
576
165
1191
124928
1085130
14207
17676
26105
1232384
9917
12648
1732
1386
436
83
1022
50
1936
31517
10298
4581
166
607
71362
127100
1367857
140288
742
2284
51632
4818
1514
1964
7177
1188
240
1664677
357
2494
8909
87536
588
150
1244
1131
1340
33008
1811
1742
955
49324
14388
8229
31973
924
1187840
4166
4224
5475
349696
1859
27276
1023
143360
102952
757
1244
50
2138240
14848
1108
12288
524308
18614
5179
309516
318
8198
2674
354
8897
329
3635
61080
202
409