96768
2123
35802
76
4186
45
9469
33792
1601
15368
9173
8687
57856
76
26624
73463
4019
557
358
10929
2041
3985
75616
48700
1824
8915
48128
1319
57287
87552
3323288
16256
571
7968814
2715
8932
32482
207
1097728
1158
9636
327
2892288
11845
409600
362
2307
442
1220
28672
442019
38752
856
8922
356
17408
26731
1651
379422
39321
703
36283
1772
2568016
21504
175104
144
269824
18718
50
148541
462
4660
755200
2131
2808832
69862
101202
2814
3282418
1143
3098
2454
10728
14208
33577
35
8
64024
1749
95
17408
1570
974
30300
100384
9875
24071
54
55
