769
57856
36232
10968
142336
9110
206432
2341
758
132836
9581
7508
4300
349696
2876
2175609
14987
237
0
8699
125670
1209
4313
471
3273
8458
865
1299
36208
2580
310
4184
3008
467725
126958
6962
688
80
120035
449
303754
40761
3260
12945
268
300
954864
5504
537473770
87368
112
936
2174631
6710
18304
4680
520
16557
72328
364
904
10596
25279
377
2471996
171596
373
175104
13121
646059
34452
6484
31808
8389
50774
54382
1391
12100
9902
131200
7180
22016
3164
75608
470016
774
4664
315
331
12680
210196
258
279
528
76
8909
169995
28912
57344
19902