28330
35466
1113
3688
10982
624
3596
13517
752
218004
6406870
2534
5717
1915
3660
1060956
2802
9795
1056
1325
35579
0
20655
4664
436
710
12203
75
20226
16786
1060956
1060956
3364545
418
756
58168
1060956
1060956
1126
52398
175976
66756
5138
411700
1707
2808
2688
7144
4391
5557
10071
8853
6810
2710
467
231
534
4607
29
2560
20876
3732
12403
10707
549
843
18841
1060956
1214
6148
11117
177003
289
6317
1798
31521
6441
4766
773
3939
0
0
1060956
175051
10977
39774
1956036
2607626
1060956
736
568
2352778
53769
2403
4788
32208
3758
1604
33768
1892