1200
1450
92746
245397
5083
15361
1844
9728
4804
7328
7344
1688
190448
5430
65
43571
113737
49323
318
256
210
126045
1866
2560
1836
518
1064
427520
91656
717
842
1168
670
983
345179
18649
34
343
13377
4942
240
40232
62791
22
404
3764
477
1316
1556
1193
197
64301
5626
31831
2808
23783
219
5965
10685
483801
7237
5864
1425
2097664
10722
152676
29927112
144325
1096726
89283
233573
65782
146595
18832
578294
13347
14550
242
102976
713
24514
6874
46202
186170
73182
30596
948
233
288
914
592301
1276
4748
208102
662357
1857163
495404
789
1068
85153