1038
1668
639
474
173157
4951
40
21832
24397
17900
612
20289
15910
2232
17842
17905
6323
1369
17844
2583
3618
10514
68973
6069
17779
848808
100
510
20289
33
15551
5340
1661
2211
5340
20286
368
115712
841692
17905
389520
9482
15394
22015
8880
1317
69632
5277
17843
20287
17782
10195
14491
5269
1638624
8942
2152
3724
17902
17783
2012
17781
463
7696
13548
325
20289
15277
2448
422
2458
20287
17783
8862
1085
8664
8889
17783
486
49212
11208
20289
53676
4048
5410
1867
1437
1617
2223
210561
34456
10106
135608
17902
390
71174
17844
20287
633
17905
