18932
1600768
140880
2381
1152
3308
130
264568
18800
206682
1334
33892
15492
127319
4813573
1970
1931
93393
513
9034
7528
4476
1733
23624
15440
35635
9489
9722
32
33
3716
661
50426
6312
22876
758
524
205392
100
1615
63921
10180
3797646
27648
6432
649
19587
159486
524
4842
8628
18848
312
5768
38968
11660
1475
788
5816
6452
17224
3521
75232
15620921
3023
310
408
179
1956
248248
8595
23223
21256
1536
153778
347
9537
2039
5951611
6332
14239
14416
363634
518656
3607
1966
488
492
7584
1127
142
1081
1139
113664
287255
241805
34304
7128
93472
11956
