8844
2970008
10197040
415054
222237
239405
234768
351293
123488
2014
504271
734291
75
24658376
6
39679
110
33199
15
6078
997
16274
163564
1595
137
2290
14613
10221
2554
21585
5262
2146
5591
1078
207
669
7858
393259
818
2104
984
41765
4672
6469
906
1069
2666500
102611
988
32
1601355
44
1253
77824
277
2102457
162
537
9234
18940
3547
13077
50
69992
10041
1127
444
131111
30023
2123
2393
10593
52
603179
827
827
9641
6484
60
198
227328
9074
56832
37444
3174
4370
872784
12800
53760
673
267467
3208
6263
4057330
331080
3399232
131976
43566
3908
190464