1576
178
3319
1805
2104
2114
199048
403989
1033
3094
5184
11317
88
130
58285
29272
116072
104520
2879978
4439
12935387
1629
6234
10253
40
40447
4645
52232
208
4714
2808
12332
4546
60355
902
8913
1534
1481
52
429
599
255
115
8099
38728
57646
12519
85784
322007
1424
825
7757
21852
21430
2229
3424
13412
23114
786432
8416
2312
1182912
1961
4308
61099
61349
24827
26540
12694
699240
2796368
23092
125056
34
1512
1398256
7417
158
422
14153
1398256
304592
8576
2708
86088
147858
111980
6082156
2000
18977
11882
389
17029
8876
3648
3492
5382
61422
18570
24576