19989
7080
41874
13617
768
3437
39591
35126
45970
10383
1137
13009
3231
4627
20061
26513
599472
18990
779776
237
1252924
4096
15666
15064
16932
240
6653
10927
1418
6818
20399
13004
6406
15362
15837
15531
19515
18217
6604
21890
10411
4310
10395
11426
17540
10717
13289
122
1127
39009
19507
42529
165
20109
1114
18169
2374
239
303
14447
616
235
15406
8192
37119
16498
16525
28672
16
6524
66
18948
16721
43212
5836
8724
2856
2798
552
40897
4096
2674
26184
91
21045
16384
40894
8752
1730
24755
3255329
2994352
41046
42839
14267
50847
10653
40499
29100
20936
