17033
8883
27345
4793
1715712
3239
40136
3046912
8468
10752
45216
3885
195448
102
65096
11794
384
5677
100
7200844022
1381
15342
2749
19748
63690
991
68096
5905
1866
452
933904
8894
1258101
92107
832
17419
2456
7388
1451442
344
4344
21134
2479357
726
244
450
1894
2385366
39432
2240
3937
1862
5762400624
2046
3156
1314064
2601108
6097467
1182834
362
1383
49
41246
586
13872
165
2278
136606
185
7001
30
287542794
372
4364
67
15917
185005
2399262
1071932
15813
6584
20324
20856
1413730
603
980096
904
1657
684
1158
870
229062
205
339996
730
1762
316
12052
797
1756