15224
878
225792
0
767
68978
423004
35912
115600
2786
32449
15736
11744
921
302392
98
14920
9712
14200
88
220813
2788302
169
2350177
1121
924
14416
31096
115159
17784
9797
1447
54632824
4100
239696
1076
23320
171
2520
63560
11560
23458
325192
25775
1854
15736
50688
1280
265849
0
10518
6721400
1872
574
2960
102204
480
9126
2604
462688
1126
17040
519696
144
13688
152952
88024
215
31624
2803
186368
50096
194
565160
13688
884304
7149664
22800
83832
600
16046
18913
278514
10904
209000
76448
9908
67456
33360
15736
197644
28536
92800
8134
393
8689
90
1177088
126
31343
