67	
662	
905
68911	
2425	
2336	
223	
2746	
722	
99726	
3290	
2572	
2939	
4249	
519	
2608	
288	
434	
44173	
7584	
60	
3130	
704	
4026
2584	
4673	
1095	
1742	
41215	
33	
241	
854	
51593	
43910	
3961	
351	
6549	
12102
201	
3482
3494	
4242	
62371	
2646	
7426	
302	
1905	
25	
1341	
5099	
227	
1704	
99	
27246	
233	
21149	
42	
24718	
1537	
1207	
768	
486	
13316	
948	
1310	
4201	
1557	
1258	
530	
1211	
4571	
8605	
1633	
162	
308	
7582	
3537	
1366	
3162	
75418	
2504	
398	
34201	
1962	
358	
130	
2135	
24029	
381	
7259	
3990	
1469	
15339
14672	
811	
25	
126	
1830	
7988	
150