3320311
27
2463
1962121
4600
694141
529
17037
1528
6785
641
18423
4203
2100524
3293651
228
2639196
652588
1608
566
2722372
1343915
3816563
110265
2890
978
231420
218933
24933
30964
60368
1702
1461404
35536
128
1572
103200
1035
10519
65408
31392
169
1541
16384
160
96
4272
48011
26672
100455
25640
104832
136
331
183638
651100
291712
881
1337
4218
8224
16572
6794949
5136
106032
1542
56528
4300
383
251
90688
103824
2646
776
1081
4350080
103040
42281
659
2574
42623
31520
4661
530
1538
574
90576
819344
2931331
291200
12845
297744
1016
2608
4597
820
24084
54484
748239
9199