5972
261957
1267
31940889
274988
1745596736
1030950076
5698732
3744
104327800
6
8101059
60
727502
28822035
42
167
841
122995427
7
250944
811185827
187
9026
979728761
10
255672
2541017
100
2
58
15
10817
61545
46
107464
192033
64324716
47048508
4
36
2738282
96650787
28413
9
77155
8
387599
1
1904
539926
6264897
18
29119307
147355
559
19
1943230
658414
481002451
75384
987218
201354616
5807499
721326
1686
2828
888602
45339
594
28937
11
467
98280993
29022
500692074
1274927
106435
2991
42752
930577
14196
3513470
316671
10138
242
48
55
53119
15
196659
3850940
207955717
11823263
7
2326827
1
584336843
17
518150940
