196271
10836
6579
4183128
1022
42600
155824
1333
6008
57143
175803
3920
38180
127936
1155548
6045
1211664
2948
84992
8588
114
402544
347
56626
94359
84024
225573
311984
319456
1376256
129
2822080
212466
32272
749496
92834
39895312
56352
168692
79886
100614
1480640
834
863
3545
447936
50112
220680
9728
10662
90521
980928
3920
151053
45237
609468
13120488
937246
168518
1660
60
6494
52156
185484
1207568
623
7055
49496
5247
49600
96621
13333668
131280
2722272
1207056
15272896
553
811
1580
12329
32272
1268
11311
50624
98
7792
4424128
2229
9287
24734
5650
15148
2057
2338
198516
1131970
5888228
205495
217372
37612