4096
10134
105344
1442522
34720
4096
51215687
118
8192
12288
118
12288
75792
40960
16384
17734
1860880
12288
17008234496
8192
10410
12349156
91152
12756172800
95248
1110
17734
45680
4096
97296
4096
8192
5565448
32768
4096
25657
4096
24576
24576
24576
17734
75792
12288
4096
24576
24576
12756172800
75792
1442522
4096
79888
5686
17734
51215687
20480
485888
4096
12288
10410
206
96272
383786
843
97296
105344
96272
4096
12349156
95248
232960
16384
20480
85367
24576
96272
17734
562688
1568
24576
206
40960
4096
5686
10410
1110
383786
17008234496
8028
25657
8028
16384
8192
17034854716
4096
24576
8192
12756172800
10410
20480
12288