12288
40960
1052672
1052672
15732736
14362
1293180
2877440
797
17155
88524
40508
771072
2319
15287
5172224
14037
77312
19456
1453568
105472
12582912
30720
59392
88576
86016
3584
17920
1707008
542544
4961
82944
16384
14529
61952
17408
22016
49664
106790
52016
184934
92672
29184
135168
396800
25088
44544
255488
15360
67584
22016
115131
4096
17408
34304
20992
55296
12288
68096
145530
3072
255488
189440
3072
48640
290304
16384
10240
10752
103424
4096
48128
307712
3072
211968
66372
62294
76065
62294
67584
65401
52405
55671
1526
52259
62383
224218
148
45877
2897728
91648
15619
27273
8102
11666
20863
1459226
9057096
376656
10752