1771249
347616
3602
31266
64
281388
260862836
1656
5375
288
142585
195918
276
69
2789
100899
14556
483544
135928
904704
8952
645122073
504
60736
16753
3145724
319
100647892
3107527
265047363
415414
13123
122
268046
482048
4709356
30
3145724
347
25312
138206471
982072
3019375012
3860
3435
542885
1448448
23420
592667497
86563
191569
135928
2821
264
403415
85510
83260427
15146041
53578857
34364
33491
70944
169985
128670
34364
149697
75181785
97193
31914
2480
13535
7782
29080
512
13821
105692
2048
16971
13312
9
2931
11162342
1720
56440
29080
75988
73117
0
218
65156
233282
160348
129
274482419
1680476445
2264
4608
218
691659986
221973
