709632
14848
43520
577024
25472
2460160
21570336
28787352
147817
2580112
13581
438536
1394952
3953928
18765
979832
14720
197312
8680
307544
8702575
10322376
693467
21864
69623360
105380
43
33043
1098704805
3525307
269312
262803
7367
150235
47
3046
120362
0
174
27004
1444994
56
92388
939669936
3220352
896000
1922
58852
92160
12657
905971932
292184
276
18432
1590
2910766
3505
8791371
11865
114852
85854
4906664
5430
172
1140
1204912
41391
59405
202
4087528
25088
8802
7492840
1310832
532
316832
1012
8404720
2112
237
5667036
133336
880801600
8855
433640
2148720
26
84720
45
18696
500
8025360
2702
18581
2238
88863
147316448
101686
16452
7581