782648
628590
251459
577536
9102479
108978461
4805099520
35340
0
1360
95772070
725
3923
1163479
1243504
5094895
100476
2581957
37758
6217
20992
6094
206771
40071
583334
939
135822
2350790
120259947
16126
567
30
1453056
47104
69746200
2952
681318
709966
1961
425009
9192048
25951
358
4719286
198561
720516
644
17245
7390720
94208
7006088
302800
1524
36
93180
1367449
691
2006838
15736
38680
164059608
216536
324
211856
264206
272
383208
100604
9201927
170
207360
1256112
4261937152
852032
149960
5281325
24576
469520
1686146
1193210
70818
5084410
346654
12232
2072632
569
12168
19407
5371
18148864
19912
1390
19784
1634
2497053
60102753
170
206412
193288
497784
