90773336
225280
1639979
573440
3884720
1664576
79208
0
192512
913408
2130710
70
43485128
2295
199536
945226
155648
901120
229376
897213
0
311194
5541
743544
1608182
2461696
103936
2468141
13032
16384
21073920
1447723974
609792
1920485
2514912
70
28864592
153428
24576
225280
688128
43485128
5541
69632
913408
27440
7758
4096
516424
3524
800656
357776
2130710
1447723974
178143
2249904
190941
50872
108544
326144
3052
655360
172032
16384
4726
12288
8192
24128
20480
24576
1608182
16960
154910
0
743544
22486
224931
4096
3265
28672
910336
21071536
188478
3887104
68608
1017
3884720
4096
169472
1050
225280
570512
653968
2460160
1920485
10240
686080
226256
901120
7758