29872
2654871
30859513
4778944
5236
29951234
2436123
25661238
2371865
278215
16615418
21521
2582158
2651518
28215
2649384
64281581
69832
2535785
9639
577189
13517848
20718947
28675971
45424
4121349
286229
1197
15578
2254
27841
130287987
16634
497455
76826
1784789
50768
7409
72714
17429
17799
229
64178
135897
1047
2361
19522
21038
31447
1558
9702954
2524245
365364
895955
105724
8801746
53995
43954
74166
81866648
51985
5745168
735718
62644
61731
73158785
883748
55981
69628718
6938184
3643184
351668
169934
251665
196058426
469114
2284
7134
2113568
101341
28972
28712
4353
1294554
27631
147147
8298
60476
42055
24781
72898
34355
150518
45894
35971
58314
67565
80012
33448
46294