1
2469
58482
3244
63933
117760
1487872
295
913
914944
562570
524416
163840
1060864
586
102400
1954080
9032
61203
425009
1476876
2630855
491
2877125
4857639
358106
7425136
13011
19490
65252
29184
108762
430062
98765
5197791232
5032906752
14204538
541
25758
4295
20512
3490784
366320
3214136
1868736
3706048
1089
265362
644153
34720
675744
15015680
96170728
1052568
3017624
570862
4500248
264864
23792
22674
44853624
17728
16760
30815760
1700661
16777216
4615
491375010
13015249
2069969
723569
1481831
2460120
2239707
8222720
220672
599044069
322174044
711512
24
57310
966
54924
102
991550
231592
45243
163097
3572
2818048
60526
55190
22829056
406598
14849096
11612952
132
446632914
45568
51503488