430592
144350
108658
307253
481534
363982
431895
447036
3402
57
219721
383231
7383810
4763388
1345
176942
12316
1345
5493
5014528
235864
2367
38966928
160256
909824
939669936
142
3817064
96668159
150044
242303
39215
7237
338499
2460032
245628
2877148
430491
291357624
422299
807405
26553776
461776
1220414
15364
1164250
77
15484712
55975
4616
302476
101695
16598
4513224
4497900
94459
18330729
4326454
2155703
9914
21330
175309
63690
1650796
165475259
2858489
3553792
19235992
24147318
3629
677
41326269
5735905
644685
19393
97476
185009
986523
438912
87499722
193842
243174
17569
10394
54847158
81694905
629284
28132800
282303443
3430859
2090509
5726443
9320
257946172
1256448
652288
91733
99995
51503488
24713