895
581089
204800
1877
14998
14662198
664829
27780
84716
13682786
91
9320
16765
47500037
23995744
108455736
36171776
4561040
588211438
15236
1468767
669766
25999675
10318
25444
1294890
34277
361
27195059
106335744
9001
298272
2376191
4602
51469607257
9736238
1092
48585
57853
31866709618
30815760
147817
11416
11200
185090
9216
141860
3480
10807840138
810898
45446
326
91226
2796
1153159643
11836
29537
174080
5489152
562009416
535008
673274
4266240314
38193580
1280264
21621472
19058688
133114311
67584
776
12211317
0
136192
65024
3205096
53401954
1319
400896
49479680
1167672
2108
113608
913635
683912
399760
2373584
367584
47810
624727
26740
96950733
73406
58439957
3721912
25672
23532959
263
1789
496629
53174