19178
1949
1009
11206
1554
989
6771
145920
590
9967
334
711
7180
246432
121856
4796
1395
703
24360
388472
473600
3584
770048
482816
8294536
8953
14882
3024
8704
11685
412552
826
27648
1914
1115
52
1146
275
52
798
2391
11008
2971
38634
7644
2517
1158
161
332
11776
8704
10222
138917
1406
162176
3845
16
52650
27066
60
270
8719
1500
124114
9652
7680
360
24246
12089
1571
112
6528
5244
427128
1419
54
1460
1064
965
2123
14720
52
1098
3072
4096
8313
1772
15784
328
1487
2820
13312
77824
977
83748
6915
28672
603
2218
273