512
512
77955
1025
58068
3307
13507
15117
37
2231
1094
512
512
2360
512
0
43910
2179
2176
42430
0
326713
12374475
1136062
2519
1016
1996
7256
198
767
0
497
6541
880
26260
162
162
162
165
512
512
1278
2157
1681
1182
3473006
2176
280
6908
6
512
512
48696
23261J
6818
1278
2157
1681
1182
2176
280
100
8097
2049432
22768
71037
108769
43876
48696
23261
3648208
3585617
4293231
512
1136
59051
512
512
3648208
3585617
425864
6908
88145
136409
227022
200440
512
512
50032
1496
13680
253
50032
1634
137144
74850
23288
3296
24824
111984