173686455
138678
287575169
3864397696
273628714
2106004
2761497289
269063153
2108230
3463591553
2963
140644695
26100429
3726807420
1203601
26574771421
85877268
336349429
360762886
2982579345
175380409
20627039172
85806907
33020
29382397
367109621
1407
171352008
22541685
82869269
264271817
56872
82520824
14771336
3248
380453679
2499978480
26787030411
239426760
1603527
123140549
304468100
28875828743
343013909
863
414383238
10195
3221841
177832229
18961695486
261737190
22892580
3374845452
153543483
1277303143
344429166
76973773
6644965
209145151
360510966
37781569
223818
350732950
42498810
405941861
2760152862
391813993
4239879432567
81549193
398762
26593133908
28844
170724450
409359923
179127975
3844449
243
321719007
2721823921
372745393
15004990
252867
31182769
220399442
37066202384
167970939
9376653
269173628240
407252399
234488468
24702066951
126881
292740515
148445015
90233655
15403509180
53208768
394234022
2708912
272344780
